0
0
0
0
0
0
0
0
0
0
44
71
106
147
193
244
298
353
409
460
503
530
535
510
458
386
307
235
175
129
97
74
59
49
42
37
35
33
32
31
30
30
30
30
30
30
30
30
30
29
29
29
29
29
29
29
29
29
29
29
29
29
19
31
47
65
85
107
131
155
180
203
221
233
235
224
201
170
135
103
77
57
43
33
26
21
18
16
15
14
14
14
13
13
13
13
13
13
13
13
13
13
13
13
13
13
13
13
13
13
13
13
13
13
532
855
1273
1767
2323
2931
3579
4248
5414
6035
7051
7380
7429
7135
6504
5638
4196
3324
2105
1557
1164
891
606
400
300
200
180
140
120
80
70
62
62
62
62
62
62
62
62
62
62
62
62
62
62
62
62
62
62
62
62
101
104
154
211
277
348
424
502
580
651
708
744
747
760
726
651
549
437
334
249
184
138
105
84
69
59
53
49
47
45
44
43
43
42
42
42
42
42
42
42
42
42
42
42
42
42
42
42
42
42
42
84
161
281
412
567
743
934
1138
1348
1555
1745
1900
1995
2026
2042
1949
1748
1473
1174
897
669
495
370
283
224
185
160
143
132
125
121
118
116
115
114
113
113
113
113
113
113
113
113
113
113
113
113
113
113
113
113
113
184
323
547
801
1102
1443
1815
2211
2618
3020
3391
3692
3876
3765
3761
3586
3256
2811
2314
1827
1399
1053
792
604
474
386
300
280
200
190
180
175
160
160
150
140
130
120
120
120
110
100
100
100
100
100
100
100
100
80
80
80
80
100
140
182
210
285
370
462
560
660
757
844
912
983
937
844
718
579
447
337
250
187
143
113
93
80
71
65
62
59
58
57
56
56
56
55
55
55
55
55
55
55
55
55
55
55
55
55
50
80
100
120
150
180
217
329
426
527
733
898
916
1154
1170
1138
1559
1471
1398
1398
1482
1290
985
758
835
806
657
397
325
256
180
185
92
75
125
128
113
78
92
57
104
62
64
64
55
30
45
44
192
59
40
54
63
41
68
62
59
65
47
91
113
120
154
241
269
242
422
445
550
762
1199
1185
1760
1773
1992
2017
1881
1590
1487
994
689
817
519
326
232
117
100
94
100
73
78
64
62
81
71
101
99
149
156
183
220
209
209
280
292
449
281
400
464
407
490
771
1033
1684
2086
1970
2127
2378
2400
2185
1992
1769
1244
1279
1330
1234
1171
761
452
300
274
154
95
84
78
86
60
46
60
32
53
39
43
34
41
48
37
37
26
62
74
63
93
88
104
235
227
352
335
310
363
352
245
273
248
294
255
307
341
417
450
407
471
671
648
504
603
515
492
371
323
302
270
113
60
72
70
59
44
43
43
35
52
44
55
43
53
49
53
54
36
24
36
31
43
39
33
76
64
70
71
78
89
74
55
72
70
84
131
162
181
164
243
248
296
320
288
192
256
230
308
278
273
286
242
155
92
32
34
25
26
29
31
35
28
28
28
41
29
22
27
32
25
22
45
53
62
72
87
140
149
179
211
427
560
284
247